35945569936105715055332051851884767609956715031762890760512536956846823969894564871553993076983866731534370980266695989082647330013777663366203476529073114061307740792578163118342526855167037958028700271110782766531199142337861052897894633918856390437605395287764554034136477027800417463173294132147363639496
2134028943712483415137129292595953583157848421735995728464385566652317958872661666929660644154476944144704813900256844903840060798130701451896543046189478330653376773471855377879293336641419808887858898257220330963153388602363316011408111408831913144718066394801669037505026032696037090542798487790183629574
44291156073643160405229853842332044337459334188559944961811991622254490808860309645387640517161842418677683622329513794744523055548928537392550759111634750399283497993194652169596130599431411046332099120945703881656052384124056733878051915542557638196148562884561817963325172714042056803147910130236069028865
111861985073791930852570853375074308967280138625150657726303578745364544261444563900943110967904787512038385481660453801882129456115808832722351933595797228545936777574896961802276461135195997233076594531578542347985575379795320098840553057723636763873803746127462536182039838439663521142738885909800668715034
3085342798940175471308387133608724869461700754648414912199851438187122876263544899550489058549725839817098353968890329629899626896258746989353340607488269704592737820518865919214307859266956979614124236879205700325255314412710347825035309307008189030944659513794701218771478617343061290125422555003996984433
92768007381741548481878809049345457116678481879848771402420700689671068345117768657650434242246258188555735869171710013537268916773284956667674499664355728582037543377272469758261415788857698000596476431650833076239380113453921123407448104063664329932786390884015226530024422325744628215216125133185342357151
86133299956971881777028678940805797312120730303322726535581577353703085330634566751908666397247589889470736701030052845509944988848000125523505111500719225096757496593237792346070478034528742583567877246055551733056720686947282356469866506707162366574600166358293686792229198616447310345007778444190983899389
56380512721771092726017985749517100932721839823074573299250602259530726956109509471365313657215075234218609773241685067205623650951228084765127496212736122667092743736407657816906051279762499703814388427381138731822579638174131615701152623719638858721437113125046458924673713084395388606299020811170823238802
92768007381741548481878809049345457116678481879848771402420700689671068345117768657650434242246258188555735869171710013537268916773284956667674499664355728582037543377272469758261415788857698000596476431650833076239380113453921123407448104063664329932786390884015226530024422325744628215216125133185342357151
71829009628842901733252332877031730975273705205401409875979008153100400472809197583420867553038392883422852318706671658229576233391593822091178270595256263915189103765282099307629904223570116840277861013059675081158355390228554740584307158779073857537681047116494926930900649277393977517893254071437507939189
2134028943712483415137129292595953583157848421735995728464385566652317958872661666929660644154476944144704813900256844903840060798130701451896543046189478330653376773471855377879293336641419808887858898257220330963153388602363316011408111408831913144718066394801669037505026032696037090542798487790183629574
111861985073791930852570853375074308967280138625150657726303578745364544261444563900943110967904787512038385481660453801882129456115808832722351933595797228545936777574896961802276461135195997233076594531578542347985575379795320098840553057723636763873803746127462536182039838439663521142738885909800668715034
103494986535464361268862202687774681823929548328833655585358347534842972374972011814338672795258119784260621007273281427405243272455140492830507967403710081448288930710529033702102169789505883252933837003902188170659315886963332193605298786865029875953273357029148451204724266957936488414844320084934014714609
108361014145766446938969411757888994467819950539439103999330375751571701629882319883308418656937166965841431949740450562462255484217799436805277240760560756169919941219499555217515194794444089867800706539898707415021214341084004564707521521461115583876114888810982453773854151562658458194387849013390110110411
104341664477341691209752665284750484537657402640293850529362471607477848468887366460502680451029835491792993015341768381668448959468586146230090613000215848452019720495889154714153723968408622693054189646668918720380262038202370150453378356028432867372985350193258233177279240611805420595537617003712269170830
92515035637755391178787804733725715030416962817061967975783055389311996793978339934511765742332000335184088329741030528231909244010738670390423715922516633677256876681496878736081680664697733406053462267450343659735101142042292776838918979835378466169610659347690028728945110266838169506713311747346983802618
64758046826868425649112948634367770992934933669029521908952588383275391022303434409538786887001225787158521812667038307436094396624603514136803419968732984574725820662720731417097342397218058900590774258727223262257588645404008989538745175709505809420883721074717938664641345373147514735137343989145665912300
47332214268750005482950148384463202913865482231540213380954321729289104672794139433866141458217951320602194405476632012533506191112291931304928199732757514081782712755384296528572406222487218467226359079429226968288407388579373633639062872143160797762663772985397014947037569255094825874274821530974841825406
35945569936105715055332051851884767609956715031762890760512536956846823969894564871553993076983866731534370980266695989082647330013777663366203476529073114061307740792578163118342526855167037958028700271110782766531199142337861052897894633918856390437605395287764554034136477027800417463173294132147363639496
86133299956971881777028678940805797312120730303322726535581577353703085330634566751908666397247589889470736701030052845509944988848000125523505111500719225096757496593237792346070478034528742583567877246055551733056720686947282356469866506707162366574600166358293686792229198616447310345007778444190983899389
92515035637755391178787804733725715030416962817061967975783055389311996793978339934511765742332000335184088329741030528231909244010738670390423715922516633677256876681496878736081680664697733406053462267450343659735101142042292776838918979835378466169610659347690028728945110266838169506713311747346983802618
35945569936105715055332051851884767609956715031762890760512536956846823969894564871553993076983866731534370980266695989082647330013777663366203476529073114061307740792578163118342526855167037958028700271110782766531199142337861052897894633918856390437605395287764554034136477027800417463173294132147363639496
35945569936105715055332051851884767609956715031762890760512536956846823969894564871553993076983866731534370980266695989082647330013777663366203476529073114061307740792578163118342526855167037958028700271110782766531199142337861052897894633918856390437605395287764554034136477027800417463173294132147363639496
3085342798940175471308387133608724869461700754648414912199851438187122876263544899550489058549725839817098353968890329629899626896258746989353340607488269704592737820518865919214307859266956979614124236879205700325255314412710347825035309307008189030944659513794701218771478617343061290125422555003996984433
56380512721771092726017985749517100932721839823074573299250602259530726956109509471365313657215075234218609773241685067205623650951228084765127496212736122667092743736407657816906051279762499703814388427381138731822579638174131615701152623719638858721437113125046458924673713084395388606299020811170823238802
64758046826868425649112948634367770992934933669029521908952588383275391022303434409538786887001225787158521812667038307436094396624603514136803419968732984574725820662720731417097342397218058900590774258727223262257588645404008989538745175709505809420883721074717938664641345373147514735137343989145665912300
108361014145766446938969411757888994467819950539439103999330375751571701629882319883308418656937166965841431949740450562462255484217799436805277240760560756169919941219499555217515194794444089867800706539898707415021214341084004564707521521461115583876114888810982453773854151562658458194387849013390110110411
64758046826868425649112948634367770992934933669029521908952588383275391022303434409538786887001225787158521812667038307436094396624603514136803419968732984574725820662720731417097342397218058900590774258727223262257588645404008989538745175709505809420883721074717938664641345373147514735137343989145665912300
108361014145766446938969411757888994467819950539439103999330375751571701629882319883308418656937166965841431949740450562462255484217799436805277240760560756169919941219499555217515194794444089867800706539898707415021214341084004564707521521461115583876114888810982453773854151562658458194387849013390110110411
2134028943712483415137129292595953583157848421735995728464385566652317958872661666929660644154476944144704813900256844903840060798130701451896543046189478330653376773471855377879293336641419808887858898257220330963153388602363316011408111408831913144718066394801669037505026032696037090542798487790183629574
47332214268750005482950148384463202913865482231540213380954321729289104672794139433866141458217951320602194405476632012533506191112291931304928199732757514081782712755384296528572406222487218467226359079429226968288407388579373633639062872143160797762663772985397014947037569255094825874274821530974841825406
111861985073791930852570853375074308967280138625150657726303578745364544261444563900943110967904787512038385481660453801882129456115808832722351933595797228545936777574896961802276461135195997233076594531578542347985575379795320098840553057723636763873803746127462536182039838439663521142738885909800668715034
92515035637755391178787804733725715030416962817061967975783055389311996793978339934511765742332000335184088329741030528231909244010738670390423715922516633677256876681496878736081680664697733406053462267450343659735101142042292776838918979835378466169610659347690028728945110266838169506713311747346983802618
108361014145766446938969411757888994467819950539439103999330375751571701629882319883308418656937166965841431949740450562462255484217799436805277240760560756169919941219499555217515194794444089867800706539898707415021214341084004564707521521461115583876114888810982453773854151562658458194387849013390110110411
92515035637755391178787804733725715030416962817061967975783055389311996793978339934511765742332000335184088329741030528231909244010738670390423715922516633677256876681496878736081680664697733406053462267450343659735101142042292776838918979835378466169610659347690028728945110266838169506713311747346983802618
92515035637755391178787804733725715030416962817061967975783055389311996793978339934511765742332000335184088329741030528231909244010738670390423715922516633677256876681496878736081680664697733406053462267450343659735101142042292776838918979835378466169610659347690028728945110266838169506713311747346983802618
92768007381741548481878809049345457116678481879848771402420700689671068345117768657650434242246258188555735869171710013537268916773284956667674499664355728582037543377272469758261415788857698000596476431650833076239380113453921123407448104063664329932786390884015226530024422325744628215216125133185342357151
103494986535464361268862202687774681823929548328833655585358347534842972374972011814338672795258119784260621007273281427405243272455140492830507967403710081448288930710529033702102169789505883252933837003902188170659315886963332193605298786865029875953273357029148451204724266957936488414844320084934014714609
64758046826868425649112948634367770992934933669029521908952588383275391022303434409538786887001225787158521812667038307436094396624603514136803419968732984574725820662720731417097342397218058900590774258727223262257588645404008989538745175709505809420883721074717938664641345373147514735137343989145665912300
2134028943712483415137129292595953583157848421735995728464385566652317958872661666929660644154476944144704813900256844903840060798130701451896543046189478330653376773471855377879293336641419808887858898257220330963153388602363316011408111408831913144718066394801669037505026032696037090542798487790183629574
47332214268750005482950148384463202913865482231540213380954321729289104672794139433866141458217951320602194405476632012533506191112291931304928199732757514081782712755384296528572406222487218467226359079429226968288407388579373633639062872143160797762663772985397014947037569255094825874274821530974841825406
35945569936105715055332051851884767609956715031762890760512536956846823969894564871553993076983866731534370980266695989082647330013777663366203476529073114061307740792578163118342526855167037958028700271110782766531199142337861052897894633918856390437605395287764554034136477027800417463173294132147363639496
71829009628842901733252332877031730975273705205401409875979008153100400472809197583420867553038392883422852318706671658229576233391593822091178270595256263915189103765282099307629904223570116840277861013059675081158355390228554740584307158779073857537681047116494926930900649277393977517893254071437507939189
44291156073643160405229853842332044337459334188559944961811991622254490808860309645387640517161842418677683622329513794744523055548928537392550759111634750399283497993194652169596130599431411046332099120945703881656052384124056733878051915542557638196148562884561817963325172714042056803147910130236069028865
92515035637755391178787804733725715030416962817061967975783055389311996793978339934511765742332000335184088329741030528231909244010738670390423715922516633677256876681496878736081680664697733406053462267450343659735101142042292776838918979835378466169610659347690028728945110266838169506713311747346983802618
44291156073643160405229853842332044337459334188559944961811991622254490808860309645387640517161842418677683622329513794744523055548928537392550759111634750399283497993194652169596130599431411046332099120945703881656052384124056733878051915542557638196148562884561817963325172714042056803147910130236069028865
47332214268750005482950148384463202913865482231540213380954321729289104672794139433866141458217951320602194405476632012533506191112291931304928199732757514081782712755384296528572406222487218467226359079429226968288407388579373633639062872143160797762663772985397014947037569255094825874274821530974841825406
103494986535464361268862202687774681823929548328833655585358347534842972374972011814338672795258119784260621007273281427405243272455140492830507967403710081448288930710529033702102169789505883252933837003902188170659315886963332193605298786865029875953273357029148451204724266957936488414844320084934014714609
108361014145766446938969411757888994467819950539439103999330375751571701629882319883308418656937166965841431949740450562462255484217799436805277240760560756169919941219499555217515194794444089867800706539898707415021214341084004564707521521461115583876114888810982453773854151562658458194387849013390110110411
3085342798940175471308387133608724869461700754648414912199851438187122876263544899550489058549725839817098353968890329629899626896258746989353340607488269704592737820518865919214307859266956979614124236879205700325255314412710347825035309307008189030944659513794701218771478617343061290125422555003996984433
92768007381741548481878809049345457116678481879848771402420700689671068345117768657650434242246258188555735869171710013537268916773284956667674499664355728582037543377272469758261415788857698000596476431650833076239380113453921123407448104063664329932786390884015226530024422325744628215216125133185342357151
111861985073791930852570853375074308967280138625150657726303578745364544261444563900943110967904787512038385481660453801882129456115808832722351933595797228545936777574896961802276461135195997233076594531578542347985575379795320098840553057723636763873803746127462536182039838439663521142738885909800668715034
44291156073643160405229853842332044337459334188559944961811991622254490808860309645387640517161842418677683622329513794744523055548928537392550759111634750399283497993194652169596130599431411046332099120945703881656052384124056733878051915542557638196148562884561817963325172714042056803147910130236069028865
92515035637755391178787804733725715030416962817061967975783055389311996793978339934511765742332000335184088329741030528231909244010738670390423715922516633677256876681496878736081680664697733406053462267450343659735101142042292776838918979835378466169610659347690028728945110266838169506713311747346983802618
92515035637755391178787804733725715030416962817061967975783055389311996793978339934511765742332000335184088329741030528231909244010738670390423715922516633677256876681496878736081680664697733406053462267450343659735101142042292776838918979835378466169610659347690028728945110266838169506713311747346983802618
86133299956971881777028678940805797312120730303322726535581577353703085330634566751908666397247589889470736701030052845509944988848000125523505111500719225096757496593237792346070478034528742583567877246055551733056720686947282356469866506707162366574600166358293686792229198616447310345007778444190983899389
44291156073643160405229853842332044337459334188559944961811991622254490808860309645387640517161842418677683622329513794744523055548928537392550759111634750399283497993194652169596130599431411046332099120945703881656052384124056733878051915542557638196148562884561817963325172714042056803147910130236069028865
2134028943712483415137129292595953583157848421735995728464385566652317958872661666929660644154476944144704813900256844903840060798130701451896543046189478330653376773471855377879293336641419808887858898257220330963153388602363316011408111408831913144718066394801669037505026032696037090542798487790183629574
47332214268750005482950148384463202913865482231540213380954321729289104672794139433866141458217951320602194405476632012533506191112291931304928199732757514081782712755384296528572406222487218467226359079429226968288407388579373633639062872143160797762663772985397014947037569255094825874274821530974841825406
44291156073643160405229853842332044337459334188559944961811991622254490808860309645387640517161842418677683622329513794744523055548928537392550759111634750399283497993194652169596130599431411046332099120945703881656052384124056733878051915542557638196148562884561817963325172714042056803147910130236069028865
64758046826868425649112948634367770992934933669029521908952588383275391022303434409538786887001225787158521812667038307436094396624603514136803419968732984574725820662720731417097342397218058900590774258727223262257588645404008989538745175709505809420883721074717938664641345373147514735137343989145665912300
71829009628842901733252332877031730975273705205401409875979008153100400472809197583420867553038392883422852318706671658229576233391593822091178270595256263915189103765282099307629904223570116840277861013059675081158355390228554740584307158779073857537681047116494926930900649277393977517893254071437507939189
47332214268750005482950148384463202913865482231540213380954321729289104672794139433866141458217951320602194405476632012533506191112291931304928199732757514081782712755384296528572406222487218467226359079429226968288407388579373633639062872143160797762663772985397014947037569255094825874274821530974841825406
111861985073791930852570853375074308967280138625150657726303578745364544261444563900943110967904787512038385481660453801882129456115808832722351933595797228545936777574896961802276461135195997233076594531578542347985575379795320098840553057723636763873803746127462536182039838439663521142738885909800668715034
2134028943712483415137129292595953583157848421735995728464385566652317958872661666929660644154476944144704813900256844903840060798130701451896543046189478330653376773471855377879293336641419808887858898257220330963153388602363316011408111408831913144718066394801669037505026032696037090542798487790183629574
92515035637755391178787804733725715030416962817061967975783055389311996793978339934511765742332000335184088329741030528231909244010738670390423715922516633677256876681496878736081680664697733406053462267450343659735101142042292776838918979835378466169610659347690028728945110266838169506713311747346983802618
2134028943712483415137129292595953583157848421735995728464385566652317958872661666929660644154476944144704813900256844903840060798130701451896543046189478330653376773471855377879293336641419808887858898257220330963153388602363316011408111408831913144718066394801669037505026032696037090542798487790183629574
3085342798940175471308387133608724869461700754648414912199851438187122876263544899550489058549725839817098353968890329629899626896258746989353340607488269704592737820518865919214307859266956979614124236879205700325255314412710347825035309307008189030944659513794701218771478617343061290125422555003996984433
111861985073791930852570853375074308967280138625150657726303578745364544261444563900943110967904787512038385481660453801882129456115808832722351933595797228545936777574896961802276461135195997233076594531578542347985575379795320098840553057723636763873803746127462536182039838439663521142738885909800668715034
59194416124083077185212280607703118137579675315681612103529012916160647955564044760602431879935827565587041497842186939791230135199274721602206245793474149848599086586806955398931336611586535521034276469693301082206442619382048797484307514195046821203084165189149861581868393308143292354536772832922077730851
111861985073791930852570853375074308967280138625150657726303578745364544261444563900943110967904787512038385481660453801882129456115808832722351933595797228545936777574896961802276461135195997233076594531578542347985575379795320098840553057723636763873803746127462536182039838439663521142738885909800668715034
103494986535464361268862202687774681823929548328833655585358347534842972374972011814338672795258119784260621007273281427405243272455140492830507967403710081448288930710529033702102169789505883252933837003902188170659315886963332193605298786865029875953273357029148451204724266957936488414844320084934014714609
111861985073791930852570853375074308967280138625150657726303578745364544261444563900943110967904787512038385481660453801882129456115808832722351933595797228545936777574896961802276461135195997233076594531578542347985575379795320098840553057723636763873803746127462536182039838439663521142738885909800668715034
103494986535464361268862202687774681823929548328833655585358347534842972374972011814338672795258119784260621007273281427405243272455140492830507967403710081448288930710529033702102169789505883252933837003902188170659315886963332193605298786865029875953273357029148451204724266957936488414844320084934014714609
92515035637755391178787804733725715030416962817061967975783055389311996793978339934511765742332000335184088329741030528231909244010738670390423715922516633677256876681496878736081680664697733406053462267450343659735101142042292776838918979835378466169610659347690028728945110266838169506713311747346983802618
64758046826868425649112948634367770992934933669029521908952588383275391022303434409538786887001225787158521812667038307436094396624603514136803419968732984574725820662720731417097342397218058900590774258727223262257588645404008989538745175709505809420883721074717938664641345373147514735137343989145665912300
104341664477341691209752665284750484537657402640293850529362471607477848468887366460502680451029835491792993015341768381668448959468586146230090613000215848452019720495889154714153723968408622693054189646668918720380262038202370150453378356028432867372985350193258233177279240611805420595537617003712269170830
71829009628842901733252332877031730975273705205401409875979008153100400472809197583420867553038392883422852318706671658229576233391593822091178270595256263915189103765282099307629904223570116840277861013059675081158355390228554740584307158779073857537681047116494926930900649277393977517893254071437507939189
104341664477341691209752665284750484537657402640293850529362471607477848468887366460502680451029835491792993015341768381668448959468586146230090613000215848452019720495889154714153723968408622693054189646668918720380262038202370150453378356028432867372985350193258233177279240611805420595537617003712269170830
104341664477341691209752665284750484537657402640293850529362471607477848468887366460502680451029835491792993015341768381668448959468586146230090613000215848452019720495889154714153723968408622693054189646668918720380262038202370150453378356028432867372985350193258233177279240611805420595537617003712269170830
64758046826868425649112948634367770992934933669029521908952588383275391022303434409538786887001225787158521812667038307436094396624603514136803419968732984574725820662720731417097342397218058900590774258727223262257588645404008989538745175709505809420883721074717938664641345373147514735137343989145665912300
111861985073791930852570853375074308967280138625150657726303578745364544261444563900943110967904787512038385481660453801882129456115808832722351933595797228545936777574896961802276461135195997233076594531578542347985575379795320098840553057723636763873803746127462536182039838439663521142738885909800668715034
56380512721771092726017985749517100932721839823074573299250602259530726956109509471365313657215075234218609773241685067205623650951228084765127496212736122667092743736407657816906051279762499703814388427381138731822579638174131615701152623719638858721437113125046458924673713084395388606299020811170823238802
35945569936105715055332051851884767609956715031762890760512536956846823969894564871553993076983866731534370980266695989082647330013777663366203476529073114061307740792578163118342526855167037958028700271110782766531199142337861052897894633918856390437605395287764554034136477027800417463173294132147363639496
59194416124083077185212280607703118137579675315681612103529012916160647955564044760602431879935827565587041497842186939791230135199274721602206245793474149848599086586806955398931336611586535521034276469693301082206442619382048797484307514195046821203084165189149861581868393308143292354536772832922077730851
59194416124083077185212280607703118137579675315681612103529012916160647955564044760602431879935827565587041497842186939791230135199274721602206245793474149848599086586806955398931336611586535521034276469693301082206442619382048797484307514195046821203084165189149861581868393308143292354536772832922077730851
92515035637755391178787804733725715030416962817061967975783055389311996793978339934511765742332000335184088329741030528231909244010738670390423715922516633677256876681496878736081680664697733406053462267450343659735101142042292776838918979835378466169610659347690028728945110266838169506713311747346983802618
71829009628842901733252332877031730975273705205401409875979008153100400472809197583420867553038392883422852318706671658229576233391593822091178270595256263915189103765282099307629904223570116840277861013059675081158355390228554740584307158779073857537681047116494926930900649277393977517893254071437507939189
111861985073791930852570853375074308967280138625150657726303578745364544261444563900943110967904787512038385481660453801882129456115808832722351933595797228545936777574896961802276461135195997233076594531578542347985575379795320098840553057723636763873803746127462536182039838439663521142738885909800668715034
47332214268750005482950148384463202913865482231540213380954321729289104672794139433866141458217951320602194405476632012533506191112291931304928199732757514081782712755384296528572406222487218467226359079429226968288407388579373633639062872143160797762663772985397014947037569255094825874274821530974841825406
3085342798940175471308387133608724869461700754648414912199851438187122876263544899550489058549725839817098353968890329629899626896258746989353340607488269704592737820518865919214307859266956979614124236879205700325255314412710347825035309307008189030944659513794701218771478617343061290125422555003996984433
44291156073643160405229853842332044337459334188559944961811991622254490808860309645387640517161842418677683622329513794744523055548928537392550759111634750399283497993194652169596130599431411046332099120945703881656052384124056733878051915542557638196148562884561817963325172714042056803147910130236069028865
92768007381741548481878809049345457116678481879848771402420700689671068345117768657650434242246258188555735869171710013537268916773284956667674499664355728582037543377272469758261415788857698000596476431650833076239380113453921123407448104063664329932786390884015226530024422325744628215216125133185342357151
92515035637755391178787804733725715030416962817061967975783055389311996793978339934511765742332000335184088329741030528231909244010738670390423715922516633677256876681496878736081680664697733406053462267450343659735101142042292776838918979835378466169610659347690028728945110266838169506713311747346983802618
3085342798940175471308387133608724869461700754648414912199851438187122876263544899550489058549725839817098353968890329629899626896258746989353340607488269704592737820518865919214307859266956979614124236879205700325255314412710347825035309307008189030944659513794701218771478617343061290125422555003996984433
108361014145766446938969411757888994467819950539439103999330375751571701629882319883308418656937166965841431949740450562462255484217799436805277240760560756169919941219499555217515194794444089867800706539898707415021214341084004564707521521461115583876114888810982453773854151562658458194387849013390110110411
44291156073643160405229853842332044337459334188559944961811991622254490808860309645387640517161842418677683622329513794744523055548928537392550759111634750399283497993194652169596130599431411046332099120945703881656052384124056733878051915542557638196148562884561817963325172714042056803147910130236069028865
92768007381741548481878809049345457116678481879848771402420700689671068345117768657650434242246258188555735869171710013537268916773284956667674499664355728582037543377272469758261415788857698000596476431650833076239380113453921123407448104063664329932786390884015226530024422325744628215216125133185342357151
103494986535464361268862202687774681823929548328833655585358347534842972374972011814338672795258119784260621007273281427405243272455140492830507967403710081448288930710529033702102169789505883252933837003902188170659315886963332193605298786865029875953273357029148451204724266957936488414844320084934014714609
47332214268750005482950148384463202913865482231540213380954321729289104672794139433866141458217951320602194405476632012533506191112291931304928199732757514081782712755384296528572406222487218467226359079429226968288407388579373633639062872143160797762663772985397014947037569255094825874274821530974841825406
108361014145766446938969411757888994467819950539439103999330375751571701629882319883308418656937166965841431949740450562462255484217799436805277240760560756169919941219499555217515194794444089867800706539898707415021214341084004564707521521461115583876114888810982453773854151562658458194387849013390110110411
108361014145766446938969411757888994467819950539439103999330375751571701629882319883308418656937166965841431949740450562462255484217799436805277240760560756169919941219499555217515194794444089867800706539898707415021214341084004564707521521461115583876114888810982453773854151562658458194387849013390110110411
104341664477341691209752665284750484537657402640293850529362471607477848468887366460502680451029835491792993015341768381668448959468586146230090613000215848452019720495889154714153723968408622693054189646668918720380262038202370150453378356028432867372985350193258233177279240611805420595537617003712269170830
92768007381741548481878809049345457116678481879848771402420700689671068345117768657650434242246258188555735869171710013537268916773284956667674499664355728582037543377272469758261415788857698000596476431650833076239380113453921123407448104063664329932786390884015226530024422325744628215216125133185342357151
47332214268750005482950148384463202913865482231540213380954321729289104672794139433866141458217951320602194405476632012533506191112291931304928199732757514081782712755384296528572406222487218467226359079429226968288407388579373633639062872143160797762663772985397014947037569255094825874274821530974841825406
86133299956971881777028678940805797312120730303322726535581577353703085330634566751908666397247589889470736701030052845509944988848000125523505111500719225096757496593237792346070478034528742583567877246055551733056720686947282356469866506707162366574600166358293686792229198616447310345007778444190983899389
108361014145766446938969411757888994467819950539439103999330375751571701629882319883308418656937166965841431949740450562462255484217799436805277240760560756169919941219499555217515194794444089867800706539898707415021214341084004564707521521461115583876114888810982453773854151562658458194387849013390110110411
35945569936105715055332051851884767609956715031762890760512536956846823969894564871553993076983866731534370980266695989082647330013777663366203476529073114061307740792578163118342526855167037958028700271110782766531199142337861052897894633918856390437605395287764554034136477027800417463173294132147363639496
3085342798940175471308387133608724869461700754648414912199851438187122876263544899550489058549725839817098353968890329629899626896258746989353340607488269704592737820518865919214307859266956979614124236879205700325255314412710347825035309307008189030944659513794701218771478617343061290125422555003996984433
35945569936105715055332051851884767609956715031762890760512536956846823969894564871553993076983866731534370980266695989082647330013777663366203476529073114061307740792578163118342526855167037958028700271110782766531199142337861052897894633918856390437605395287764554034136477027800417463173294132147363639496
108361014145766446938969411757888994467819950539439103999330375751571701629882319883308418656937166965841431949740450562462255484217799436805277240760560756169919941219499555217515194794444089867800706539898707415021214341084004564707521521461115583876114888810982453773854151562658458194387849013390110110411
86133299956971881777028678940805797312120730303322726535581577353703085330634566751908666397247589889470736701030052845509944988848000125523505111500719225096757496593237792346070478034528742583567877246055551733056720686947282356469866506707162366574600166358293686792229198616447310345007778444190983899389
104341664477341691209752665284750484537657402640293850529362471607477848468887366460502680451029835491792993015341768381668448959468586146230090613000215848452019720495889154714153723968408622693054189646668918720380262038202370150453378356028432867372985350193258233177279240611805420595537617003712269170830
64758046826868425649112948634367770992934933669029521908952588383275391022303434409538786887001225787158521812667038307436094396624603514136803419968732984574725820662720731417097342397218058900590774258727223262257588645404008989538745175709505809420883721074717938664641345373147514735137343989145665912300
71829009628842901733252332877031730975273705205401409875979008153100400472809197583420867553038392883422852318706671658229576233391593822091178270595256263915189103765282099307629904223570116840277861013059675081158355390228554740584307158779073857537681047116494926930900649277393977517893254071437507939189
86133299956971881777028678940805797312120730303322726535581577353703085330634566751908666397247589889470736701030052845509944988848000125523505111500719225096757496593237792346070478034528742583567877246055551733056720686947282356469866506707162366574600166358293686792229198616447310345007778444190983899389
2134028943712483415137129292595953583157848421735995728464385566652317958872661666929660644154476944144704813900256844903840060798130701451896543046189478330653376773471855377879293336641419808887858898257220330963153388602363316011408111408831913144718066394801669037505026032696037090542798487790183629574
86133299956971881777028678940805797312120730303322726535581577353703085330634566751908666397247589889470736701030052845509944988848000125523505111500719225096757496593237792346070478034528742583567877246055551733056720686947282356469866506707162366574600166358293686792229198616447310345007778444190983899389
71829009628842901733252332877031730975273705205401409875979008153100400472809197583420867553038392883422852318706671658229576233391593822091178270595256263915189103765282099307629904223570116840277861013059675081158355390228554740584307158779073857537681047116494926930900649277393977517893254071437507939189
92768007381741548481878809049345457116678481879848771402420700689671068345117768657650434242246258188555735869171710013537268916773284956667674499664355728582037543377272469758261415788857698000596476431650833076239380113453921123407448104063664329932786390884015226530024422325744628215216125133185342357151
56380512721771092726017985749517100932721839823074573299250602259530726956109509471365313657215075234218609773241685067205623650951228084765127496212736122667092743736407657816906051279762499703814388427381138731822579638174131615701152623719638858721437113125046458924673713084395388606299020811170823238802
44291156073643160405229853842332044337459334188559944961811991622254490808860309645387640517161842418677683622329513794744523055548928537392550759111634750399283497993194652169596130599431411046332099120945703881656052384124056733878051915542557638196148562884561817963325172714042056803147910130236069028865
92768007381741548481878809049345457116678481879848771402420700689671068345117768657650434242246258188555735869171710013537268916773284956667674499664355728582037543377272469758261415788857698000596476431650833076239380113453921123407448104063664329932786390884015226530024422325744628215216125133185342357151
44291156073643160405229853842332044337459334188559944961811991622254490808860309645387640517161842418677683622329513794744523055548928537392550759111634750399283497993194652169596130599431411046332099120945703881656052384124056733878051915542557638196148562884561817963325172714042056803147910130236069028865
103494986535464361268862202687774681823929548328833655585358347534842972374972011814338672795258119784260621007273281427405243272455140492830507967403710081448288930710529033702102169789505883252933837003902188170659315886963332193605298786865029875953273357029148451204724266957936488414844320084934014714609
35945569936105715055332051851884767609956715031762890760512536956846823969894564871553993076983866731534370980266695989082647330013777663366203476529073114061307740792578163118342526855167037958028700271110782766531199142337861052897894633918856390437605395287764554034136477027800417463173294132147363639496
104341664477341691209752665284750484537657402640293850529362471607477848468887366460502680451029835491792993015341768381668448959468586146230090613000215848452019720495889154714153723968408622693054189646668918720380262038202370150453378356028432867372985350193258233177279240611805420595537617003712269170830
92515035637755391178787804733725715030416962817061967975783055389311996793978339934511765742332000335184088329741030528231909244010738670390423715922516633677256876681496878736081680664697733406053462267450343659735101142042292776838918979835378466169610659347690028728945110266838169506713311747346983802618